{
 "cells": [
  {
   "cell_type": "code",
   "execution_count": 1,
   "metadata": {},
   "outputs": [],
   "source": [
    "import plotly.express as px, pandas as pd"
   ]
  },
  {
   "cell_type": "code",
   "execution_count": 12,
   "metadata": {},
   "outputs": [
    {
     "name": "stdout",
     "output_type": "stream",
     "text": [
      "    school sex  age address famsize Pstatus  Medu  Fedu      Mjob      Fjob  \\\n",
      "0       GP   F   18       U     GT3       A     4     4   at_home   teacher   \n",
      "1       GP   F   17       U     GT3       T     1     1   at_home     other   \n",
      "2       GP   F   15       U     LE3       T     1     1   at_home     other   \n",
      "3       GP   F   15       U     GT3       T     4     2    health  services   \n",
      "4       GP   F   16       U     GT3       T     3     3     other     other   \n",
      "..     ...  ..  ...     ...     ...     ...   ...   ...       ...       ...   \n",
      "390     MS   M   20       U     LE3       A     2     2  services  services   \n",
      "391     MS   M   17       U     LE3       T     3     1  services  services   \n",
      "392     MS   M   21       R     GT3       T     1     1     other     other   \n",
      "393     MS   M   18       R     LE3       T     3     2  services     other   \n",
      "394     MS   M   19       U     LE3       T     1     1     other   at_home   \n",
      "\n",
      "     ... famrel freetime  goout  Dalc  Walc health absences  G1  G2  G3  \n",
      "0    ...      4        3      4     1     1      3        6   5   6   6  \n",
      "1    ...      5        3      3     1     1      3        4   5   5   6  \n",
      "2    ...      4        3      2     2     3      3       10   7   8  10  \n",
      "3    ...      3        2      2     1     1      5        2  15  14  15  \n",
      "4    ...      4        3      2     1     2      5        4   6  10  10  \n",
      "..   ...    ...      ...    ...   ...   ...    ...      ...  ..  ..  ..  \n",
      "390  ...      5        5      4     4     5      4       11   9   9   9  \n",
      "391  ...      2        4      5     3     4      2        3  14  16  16  \n",
      "392  ...      5        5      3     3     3      3        3  10   8   7  \n",
      "393  ...      4        4      1     3     4      5        0  11  12  10  \n",
      "394  ...      3        2      3     3     3      5        5   8   9   9  \n",
      "\n",
      "[395 rows x 33 columns]\n"
     ]
    }
   ],
   "source": [
    "# Load in the data\n",
    "# Data taken from: https://archive.ics.uci.edu/ml/datasets/Student+Performance\n",
    "df = pd.read_csv('D:\\\\Grad School\\\\Spring 2020\\\\605.662 - Data Visualization\\\\Project 4\\\\data\\\\student-mat.csv', delimiter=';')\n",
    "print(df)"
   ]
  },
  {
   "cell_type": "code",
   "execution_count": 13,
   "metadata": {},
   "outputs": [
    {
     "name": "stdout",
     "output_type": "stream",
     "text": [
      "(16, 16)\n"
     ]
    }
   ],
   "source": [
    "new_df = df.corr()\n",
    "print(new_df.shape)"
   ]
  },
  {
   "cell_type": "code",
   "execution_count": null,
   "metadata": {},
   "outputs": [],
   "source": [
    "# Code influenced from:\n",
    "    # https://plotly.com/python/heatmaps/\n",
    "    # https://stackoverflow.com/questions/28006793/pandas-dataframe-to-list-of-lists"
   ]
  },
  {
   "cell_type": "code",
   "execution_count": 30,
   "metadata": {},
   "outputs": [
    {
     "data": {
      "application/vnd.plotly.v1+json": {
       "config": {
        "plotlyServerURL": "https://plot.ly"
       },
       "data": [
        {
         "colorscale": [
          [
           0,
           "#00224e"
          ],
          [
           0.1111111111111111,
           "#123570"
          ],
          [
           0.2222222222222222,
           "#3b496c"
          ],
          [
           0.3333333333333333,
           "#575d6d"
          ],
          [
           0.4444444444444444,
           "#707173"
          ],
          [
           0.5555555555555556,
           "#8a8678"
          ],
          [
           0.6666666666666666,
           "#a59c74"
          ],
          [
           0.7777777777777778,
           "#c3b369"
          ],
          [
           0.8888888888888888,
           "#e1cc55"
          ],
          [
           1,
           "#fee838"
          ]
         ],
         "type": "heatmap",
         "x": [
          "age",
          "Medu",
          "Fedu",
          "traveltime",
          "studytime",
          "failures",
          "famrel",
          "freetime",
          "goout",
          "Dalc",
          "Walc",
          "health",
          "absences",
          "G1",
          "G2",
          "G3"
         ],
         "y": [
          "age",
          "Medu",
          "Fedu",
          "traveltime",
          "studytime",
          "failures",
          "famrel",
          "freetime",
          "goout",
          "Dalc",
          "Walc",
          "health",
          "absences",
          "G1",
          "G2",
          "G3"
         ],
         "z": [
          [
           1,
           -0.1636584189328157,
           -0.16343806892527848,
           0.07064072116452584,
           -0.00414003681618644,
           0.24366537664172075,
           0.05394009587744253,
           0.016434388838665485,
           0.12696387964294564,
           0.13112460471755036,
           0.11727605242651432,
           -0.062187368517450096,
           0.17523007904603108,
           -0.06408149744707449,
           -0.14347404903546052,
           -0.16157943813834053
          ],
          [
           -0.1636584189328157,
           1,
           0.6234551120806447,
           -0.1716393046970283,
           0.06494413671030143,
           -0.23667996261654373,
           -0.003914458428754474,
           0.030890866567408262,
           0.06409443819310287,
           0.019834098565639172,
           -0.047123459694851086,
           -0.04687782940166632,
           0.10028481768782278,
           0.20534099673858766,
           0.21552716763090277,
           0.21714749613860584
          ],
          [
           -0.16343806892527848,
           0.6234551120806447,
           1,
           -0.15819405415710008,
           -0.009174638901949155,
           -0.25040844445677607,
           -0.0013697268092250604,
           -0.012845528019013725,
           0.043104668369493636,
           0.0023864294081459183,
           -0.012631017946474329,
           0.014741537267178488,
           0.024472887015969145,
           0.19026993555786878,
           0.16489339339923298,
           0.15245693890425857
          ],
          [
           0.07064072116452584,
           -0.1716393046970283,
           -0.15819405415710008,
           1,
           -0.10090911928397557,
           0.09223874620951114,
           -0.01680798637615135,
           -0.017024944232142125,
           0.028539674106724765,
           0.13832530898949427,
           0.1341157516452857,
           0.007500606030374241,
           -0.012943775156628534,
           -0.09303999158232115,
           -0.1531979633172169,
           -0.11714205281614887
          ],
          [
           -0.00414003681618644,
           0.06494413671030143,
           -0.009174638901949155,
           -0.10090911928397557,
           1,
           -0.17356303141597634,
           0.0397307038399177,
           -0.14319840716795115,
           -0.06390367501441144,
           -0.1960192634947607,
           -0.25378473083028363,
           -0.07561586301890884,
           -0.06270017540323973,
           0.1606119154546959,
           0.1358799992144899,
           0.09781968965319617
          ],
          [
           0.24366537664172075,
           -0.23667996261654373,
           -0.25040844445677607,
           0.09223874620951114,
           -0.17356303141597634,
           1,
           -0.044336626265435164,
           0.09198747098855894,
           0.12456092193402708,
           0.1360469312165471,
           0.14196202998571583,
           0.06582728172101769,
           0.06372583253906011,
           -0.354717613015636,
           -0.3558956345525757,
           -0.3604149404616501
          ],
          [
           0.05394009587744253,
           -0.003914458428754474,
           -0.0013697268092250604,
           -0.01680798637615135,
           0.0397307038399177,
           -0.044336626265435164,
           1,
           0.15070144377905104,
           0.06456841063112212,
           -0.07759435740692679,
           -0.11339730836657569,
           0.09405572832242182,
           -0.04435409460402527,
           0.022168315615496658,
           -0.01828134715315435,
           0.051363428881282126
          ],
          [
           0.016434388838665485,
           0.030890866567408262,
           -0.012845528019013725,
           -0.017024944232142125,
           -0.14319840716795115,
           0.09198747098855894,
           0.15070144377905104,
           1,
           0.28501871496820297,
           0.2090008483532021,
           0.14782181283995177,
           0.07573335701086199,
           -0.058077922084817206,
           0.012612930233135188,
           -0.013777138592563505,
           0.011307240308313012
          ],
          [
           0.12696387964294564,
           0.06409443819310287,
           0.043104668369493636,
           0.028539674106724765,
           -0.06390367501441144,
           0.12456092193402708,
           0.06456841063112212,
           0.28501871496820297,
           1,
           0.2669938480100166,
           0.4203857454717892,
           -0.009577253881629907,
           0.04430222043248787,
           -0.14910396678770754,
           -0.1622500341597322,
           -0.13279147350332865
          ],
          [
           0.13112460471755036,
           0.019834098565639172,
           0.0023864294081459183,
           0.13832530898949427,
           -0.1960192634947607,
           0.1360469312165471,
           -0.07759435740692679,
           0.2090008483532021,
           0.2669938480100166,
           1,
           0.647544230018008,
           0.07717958218132989,
           0.11190802615038652,
           -0.09415879189027307,
           -0.06412018316253444,
           -0.054660040566736
          ],
          [
           0.11727605242651432,
           -0.047123459694851086,
           -0.012631017946474329,
           0.1341157516452857,
           -0.25378473083028363,
           0.14196202998571583,
           -0.11339730836657569,
           0.14782181283995177,
           0.4203857454717892,
           0.647544230018008,
           1,
           0.09247631696073401,
           0.1362911014799509,
           -0.12617920803813482,
           -0.08492735257290994,
           -0.05193932374224612
          ],
          [
           -0.062187368517450096,
           -0.04687782940166632,
           0.014741537267178488,
           0.007500606030374241,
           -0.07561586301890884,
           0.06582728172101769,
           0.09405572832242182,
           0.07573335701086199,
           -0.009577253881629907,
           0.07717958218132989,
           0.09247631696073401,
           1,
           -0.02993671093168929,
           -0.07317207325530399,
           -0.09771986553990934,
           -0.06133460487712117
          ],
          [
           0.17523007904603108,
           0.10028481768782278,
           0.024472887015969145,
           -0.012943775156628534,
           -0.06270017540323973,
           0.06372583253906011,
           -0.04435409460402527,
           -0.058077922084817206,
           0.04430222043248787,
           0.11190802615038652,
           0.1362911014799509,
           -0.02993671093168929,
           1,
           -0.03100290094902835,
           -0.03177670362670716,
           0.03424731615006934
          ],
          [
           -0.06408149744707449,
           0.20534099673858766,
           0.19026993555786878,
           -0.09303999158232115,
           0.1606119154546959,
           -0.354717613015636,
           0.022168315615496658,
           0.012612930233135188,
           -0.14910396678770754,
           -0.09415879189027307,
           -0.12617920803813482,
           -0.07317207325530399,
           -0.03100290094902835,
           1,
           0.8521180663648036,
           0.8014679320174155
          ],
          [
           -0.14347404903546052,
           0.21552716763090277,
           0.16489339339923298,
           -0.1531979633172169,
           0.1358799992144899,
           -0.3558956345525757,
           -0.01828134715315435,
           -0.013777138592563505,
           -0.1622500341597322,
           -0.06412018316253444,
           -0.08492735257290994,
           -0.09771986553990934,
           -0.03177670362670716,
           0.8521180663648036,
           1,
           0.9048679892693007
          ],
          [
           -0.16157943813834053,
           0.21714749613860584,
           0.15245693890425857,
           -0.11714205281614887,
           0.09781968965319617,
           -0.3604149404616501,
           0.051363428881282126,
           0.011307240308313012,
           -0.13279147350332865,
           -0.054660040566736,
           -0.05193932374224612,
           -0.06133460487712117,
           0.03424731615006934,
           0.8014679320174155,
           0.9048679892693007,
           1
          ]
         ]
        }
       ],
       "layout": {
        "template": {
         "data": {
          "bar": [
           {
            "error_x": {
             "color": "#2a3f5f"
            },
            "error_y": {
             "color": "#2a3f5f"
            },
            "marker": {
             "line": {
              "color": "#E5ECF6",
              "width": 0.5
             }
            },
            "type": "bar"
           }
          ],
          "barpolar": [
           {
            "marker": {
             "line": {
              "color": "#E5ECF6",
              "width": 0.5
             }
            },
            "type": "barpolar"
           }
          ],
          "carpet": [
           {
            "aaxis": {
             "endlinecolor": "#2a3f5f",
             "gridcolor": "white",
             "linecolor": "white",
             "minorgridcolor": "white",
             "startlinecolor": "#2a3f5f"
            },
            "baxis": {
             "endlinecolor": "#2a3f5f",
             "gridcolor": "white",
             "linecolor": "white",
             "minorgridcolor": "white",
             "startlinecolor": "#2a3f5f"
            },
            "type": "carpet"
           }
          ],
          "choropleth": [
           {
            "colorbar": {
             "outlinewidth": 0,
             "ticks": ""
            },
            "type": "choropleth"
           }
          ],
          "contour": [
           {
            "colorbar": {
             "outlinewidth": 0,
             "ticks": ""
            },
            "colorscale": [
             [
              0,
              "#0d0887"
             ],
             [
              0.1111111111111111,
              "#46039f"
             ],
             [
              0.2222222222222222,
              "#7201a8"
             ],
             [
              0.3333333333333333,
              "#9c179e"
             ],
             [
              0.4444444444444444,
              "#bd3786"
             ],
             [
              0.5555555555555556,
              "#d8576b"
             ],
             [
              0.6666666666666666,
              "#ed7953"
             ],
             [
              0.7777777777777778,
              "#fb9f3a"
             ],
             [
              0.8888888888888888,
              "#fdca26"
             ],
             [
              1,
              "#f0f921"
             ]
            ],
            "type": "contour"
           }
          ],
          "contourcarpet": [
           {
            "colorbar": {
             "outlinewidth": 0,
             "ticks": ""
            },
            "type": "contourcarpet"
           }
          ],
          "heatmap": [
           {
            "colorbar": {
             "outlinewidth": 0,
             "ticks": ""
            },
            "colorscale": [
             [
              0,
              "#0d0887"
             ],
             [
              0.1111111111111111,
              "#46039f"
             ],
             [
              0.2222222222222222,
              "#7201a8"
             ],
             [
              0.3333333333333333,
              "#9c179e"
             ],
             [
              0.4444444444444444,
              "#bd3786"
             ],
             [
              0.5555555555555556,
              "#d8576b"
             ],
             [
              0.6666666666666666,
              "#ed7953"
             ],
             [
              0.7777777777777778,
              "#fb9f3a"
             ],
             [
              0.8888888888888888,
              "#fdca26"
             ],
             [
              1,
              "#f0f921"
             ]
            ],
            "type": "heatmap"
           }
          ],
          "heatmapgl": [
           {
            "colorbar": {
             "outlinewidth": 0,
             "ticks": ""
            },
            "colorscale": [
             [
              0,
              "#0d0887"
             ],
             [
              0.1111111111111111,
              "#46039f"
             ],
             [
              0.2222222222222222,
              "#7201a8"
             ],
             [
              0.3333333333333333,
              "#9c179e"
             ],
             [
              0.4444444444444444,
              "#bd3786"
             ],
             [
              0.5555555555555556,
              "#d8576b"
             ],
             [
              0.6666666666666666,
              "#ed7953"
             ],
             [
              0.7777777777777778,
              "#fb9f3a"
             ],
             [
              0.8888888888888888,
              "#fdca26"
             ],
             [
              1,
              "#f0f921"
             ]
            ],
            "type": "heatmapgl"
           }
          ],
          "histogram": [
           {
            "marker": {
             "colorbar": {
              "outlinewidth": 0,
              "ticks": ""
             }
            },
            "type": "histogram"
           }
          ],
          "histogram2d": [
           {
            "colorbar": {
             "outlinewidth": 0,
             "ticks": ""
            },
            "colorscale": [
             [
              0,
              "#0d0887"
             ],
             [
              0.1111111111111111,
              "#46039f"
             ],
             [
              0.2222222222222222,
              "#7201a8"
             ],
             [
              0.3333333333333333,
              "#9c179e"
             ],
             [
              0.4444444444444444,
              "#bd3786"
             ],
             [
              0.5555555555555556,
              "#d8576b"
             ],
             [
              0.6666666666666666,
              "#ed7953"
             ],
             [
              0.7777777777777778,
              "#fb9f3a"
             ],
             [
              0.8888888888888888,
              "#fdca26"
             ],
             [
              1,
              "#f0f921"
             ]
            ],
            "type": "histogram2d"
           }
          ],
          "histogram2dcontour": [
           {
            "colorbar": {
             "outlinewidth": 0,
             "ticks": ""
            },
            "colorscale": [
             [
              0,
              "#0d0887"
             ],
             [
              0.1111111111111111,
              "#46039f"
             ],
             [
              0.2222222222222222,
              "#7201a8"
             ],
             [
              0.3333333333333333,
              "#9c179e"
             ],
             [
              0.4444444444444444,
              "#bd3786"
             ],
             [
              0.5555555555555556,
              "#d8576b"
             ],
             [
              0.6666666666666666,
              "#ed7953"
             ],
             [
              0.7777777777777778,
              "#fb9f3a"
             ],
             [
              0.8888888888888888,
              "#fdca26"
             ],
             [
              1,
              "#f0f921"
             ]
            ],
            "type": "histogram2dcontour"
           }
          ],
          "mesh3d": [
           {
            "colorbar": {
             "outlinewidth": 0,
             "ticks": ""
            },
            "type": "mesh3d"
           }
          ],
          "parcoords": [
           {
            "line": {
             "colorbar": {
              "outlinewidth": 0,
              "ticks": ""
             }
            },
            "type": "parcoords"
           }
          ],
          "pie": [
           {
            "automargin": true,
            "type": "pie"
           }
          ],
          "scatter": [
           {
            "marker": {
             "colorbar": {
              "outlinewidth": 0,
              "ticks": ""
             }
            },
            "type": "scatter"
           }
          ],
          "scatter3d": [
           {
            "line": {
             "colorbar": {
              "outlinewidth": 0,
              "ticks": ""
             }
            },
            "marker": {
             "colorbar": {
              "outlinewidth": 0,
              "ticks": ""
             }
            },
            "type": "scatter3d"
           }
          ],
          "scattercarpet": [
           {
            "marker": {
             "colorbar": {
              "outlinewidth": 0,
              "ticks": ""
             }
            },
            "type": "scattercarpet"
           }
          ],
          "scattergeo": [
           {
            "marker": {
             "colorbar": {
              "outlinewidth": 0,
              "ticks": ""
             }
            },
            "type": "scattergeo"
           }
          ],
          "scattergl": [
           {
            "marker": {
             "colorbar": {
              "outlinewidth": 0,
              "ticks": ""
             }
            },
            "type": "scattergl"
           }
          ],
          "scattermapbox": [
           {
            "marker": {
             "colorbar": {
              "outlinewidth": 0,
              "ticks": ""
             }
            },
            "type": "scattermapbox"
           }
          ],
          "scatterpolar": [
           {
            "marker": {
             "colorbar": {
              "outlinewidth": 0,
              "ticks": ""
             }
            },
            "type": "scatterpolar"
           }
          ],
          "scatterpolargl": [
           {
            "marker": {
             "colorbar": {
              "outlinewidth": 0,
              "ticks": ""
             }
            },
            "type": "scatterpolargl"
           }
          ],
          "scatterternary": [
           {
            "marker": {
             "colorbar": {
              "outlinewidth": 0,
              "ticks": ""
             }
            },
            "type": "scatterternary"
           }
          ],
          "surface": [
           {
            "colorbar": {
             "outlinewidth": 0,
             "ticks": ""
            },
            "colorscale": [
             [
              0,
              "#0d0887"
             ],
             [
              0.1111111111111111,
              "#46039f"
             ],
             [
              0.2222222222222222,
              "#7201a8"
             ],
             [
              0.3333333333333333,
              "#9c179e"
             ],
             [
              0.4444444444444444,
              "#bd3786"
             ],
             [
              0.5555555555555556,
              "#d8576b"
             ],
             [
              0.6666666666666666,
              "#ed7953"
             ],
             [
              0.7777777777777778,
              "#fb9f3a"
             ],
             [
              0.8888888888888888,
              "#fdca26"
             ],
             [
              1,
              "#f0f921"
             ]
            ],
            "type": "surface"
           }
          ],
          "table": [
           {
            "cells": {
             "fill": {
              "color": "#EBF0F8"
             },
             "line": {
              "color": "white"
             }
            },
            "header": {
             "fill": {
              "color": "#C8D4E3"
             },
             "line": {
              "color": "white"
             }
            },
            "type": "table"
           }
          ]
         },
         "layout": {
          "annotationdefaults": {
           "arrowcolor": "#2a3f5f",
           "arrowhead": 0,
           "arrowwidth": 1
          },
          "coloraxis": {
           "colorbar": {
            "outlinewidth": 0,
            "ticks": ""
           }
          },
          "colorscale": {
           "diverging": [
            [
             0,
             "#8e0152"
            ],
            [
             0.1,
             "#c51b7d"
            ],
            [
             0.2,
             "#de77ae"
            ],
            [
             0.3,
             "#f1b6da"
            ],
            [
             0.4,
             "#fde0ef"
            ],
            [
             0.5,
             "#f7f7f7"
            ],
            [
             0.6,
             "#e6f5d0"
            ],
            [
             0.7,
             "#b8e186"
            ],
            [
             0.8,
             "#7fbc41"
            ],
            [
             0.9,
             "#4d9221"
            ],
            [
             1,
             "#276419"
            ]
           ],
           "sequential": [
            [
             0,
             "#0d0887"
            ],
            [
             0.1111111111111111,
             "#46039f"
            ],
            [
             0.2222222222222222,
             "#7201a8"
            ],
            [
             0.3333333333333333,
             "#9c179e"
            ],
            [
             0.4444444444444444,
             "#bd3786"
            ],
            [
             0.5555555555555556,
             "#d8576b"
            ],
            [
             0.6666666666666666,
             "#ed7953"
            ],
            [
             0.7777777777777778,
             "#fb9f3a"
            ],
            [
             0.8888888888888888,
             "#fdca26"
            ],
            [
             1,
             "#f0f921"
            ]
           ],
           "sequentialminus": [
            [
             0,
             "#0d0887"
            ],
            [
             0.1111111111111111,
             "#46039f"
            ],
            [
             0.2222222222222222,
             "#7201a8"
            ],
            [
             0.3333333333333333,
             "#9c179e"
            ],
            [
             0.4444444444444444,
             "#bd3786"
            ],
            [
             0.5555555555555556,
             "#d8576b"
            ],
            [
             0.6666666666666666,
             "#ed7953"
            ],
            [
             0.7777777777777778,
             "#fb9f3a"
            ],
            [
             0.8888888888888888,
             "#fdca26"
            ],
            [
             1,
             "#f0f921"
            ]
           ]
          },
          "colorway": [
           "#636efa",
           "#EF553B",
           "#00cc96",
           "#ab63fa",
           "#FFA15A",
           "#19d3f3",
           "#FF6692",
           "#B6E880",
           "#FF97FF",
           "#FECB52"
          ],
          "font": {
           "color": "#2a3f5f"
          },
          "geo": {
           "bgcolor": "white",
           "lakecolor": "white",
           "landcolor": "#E5ECF6",
           "showlakes": true,
           "showland": true,
           "subunitcolor": "white"
          },
          "hoverlabel": {
           "align": "left"
          },
          "hovermode": "closest",
          "mapbox": {
           "style": "light"
          },
          "paper_bgcolor": "white",
          "plot_bgcolor": "#E5ECF6",
          "polar": {
           "angularaxis": {
            "gridcolor": "white",
            "linecolor": "white",
            "ticks": ""
           },
           "bgcolor": "#E5ECF6",
           "radialaxis": {
            "gridcolor": "white",
            "linecolor": "white",
            "ticks": ""
           }
          },
          "scene": {
           "xaxis": {
            "backgroundcolor": "#E5ECF6",
            "gridcolor": "white",
            "gridwidth": 2,
            "linecolor": "white",
            "showbackground": true,
            "ticks": "",
            "zerolinecolor": "white"
           },
           "yaxis": {
            "backgroundcolor": "#E5ECF6",
            "gridcolor": "white",
            "gridwidth": 2,
            "linecolor": "white",
            "showbackground": true,
            "ticks": "",
            "zerolinecolor": "white"
           },
           "zaxis": {
            "backgroundcolor": "#E5ECF6",
            "gridcolor": "white",
            "gridwidth": 2,
            "linecolor": "white",
            "showbackground": true,
            "ticks": "",
            "zerolinecolor": "white"
           }
          },
          "shapedefaults": {
           "line": {
            "color": "#2a3f5f"
           }
          },
          "ternary": {
           "aaxis": {
            "gridcolor": "white",
            "linecolor": "white",
            "ticks": ""
           },
           "baxis": {
            "gridcolor": "white",
            "linecolor": "white",
            "ticks": ""
           },
           "bgcolor": "#E5ECF6",
           "caxis": {
            "gridcolor": "white",
            "linecolor": "white",
            "ticks": ""
           }
          },
          "title": {
           "x": 0.05
          },
          "xaxis": {
           "automargin": true,
           "gridcolor": "white",
           "linecolor": "white",
           "ticks": "",
           "title": {
            "standoff": 15
           },
           "zerolinecolor": "white",
           "zerolinewidth": 2
          },
          "yaxis": {
           "automargin": true,
           "gridcolor": "white",
           "linecolor": "white",
           "ticks": "",
           "title": {
            "standoff": 15
           },
           "zerolinecolor": "white",
           "zerolinewidth": 2
          }
         }
        }
       }
      },
      "text/html": [
       "<div>\n",
       "        \n",
       "        \n",
       "            <div id=\"4d337714-6f3c-4741-a15c-4cb34e7abe25\" class=\"plotly-graph-div\" style=\"height:525px; width:100%;\"></div>\n",
       "            <script type=\"text/javascript\">\n",
       "                require([\"plotly\"], function(Plotly) {\n",
       "                    window.PLOTLYENV=window.PLOTLYENV || {};\n",
       "                    \n",
       "                if (document.getElementById(\"4d337714-6f3c-4741-a15c-4cb34e7abe25\")) {\n",
       "                    Plotly.newPlot(\n",
       "                        '4d337714-6f3c-4741-a15c-4cb34e7abe25',\n",
       "                        [{\"colorscale\": [[0.0, \"#00224e\"], [0.1111111111111111, \"#123570\"], [0.2222222222222222, \"#3b496c\"], [0.3333333333333333, \"#575d6d\"], [0.4444444444444444, \"#707173\"], [0.5555555555555556, \"#8a8678\"], [0.6666666666666666, \"#a59c74\"], [0.7777777777777778, \"#c3b369\"], [0.8888888888888888, \"#e1cc55\"], [1.0, \"#fee838\"]], \"type\": \"heatmap\", \"x\": [\"age\", \"Medu\", \"Fedu\", \"traveltime\", \"studytime\", \"failures\", \"famrel\", \"freetime\", \"goout\", \"Dalc\", \"Walc\", \"health\", \"absences\", \"G1\", \"G2\", \"G3\"], \"y\": [\"age\", \"Medu\", \"Fedu\", \"traveltime\", \"studytime\", \"failures\", \"famrel\", \"freetime\", \"goout\", \"Dalc\", \"Walc\", \"health\", \"absences\", \"G1\", \"G2\", \"G3\"], \"z\": [[1.0, -0.1636584189328157, -0.16343806892527848, 0.07064072116452584, -0.00414003681618644, 0.24366537664172075, 0.05394009587744253, 0.016434388838665485, 0.12696387964294564, 0.13112460471755036, 0.11727605242651432, -0.062187368517450096, 0.17523007904603108, -0.06408149744707449, -0.14347404903546052, -0.16157943813834053], [-0.1636584189328157, 1.0, 0.6234551120806447, -0.1716393046970283, 0.06494413671030143, -0.23667996261654373, -0.003914458428754474, 0.030890866567408262, 0.06409443819310287, 0.019834098565639172, -0.047123459694851086, -0.04687782940166632, 0.10028481768782278, 0.20534099673858766, 0.21552716763090277, 0.21714749613860584], [-0.16343806892527848, 0.6234551120806447, 1.0, -0.15819405415710008, -0.009174638901949155, -0.25040844445677607, -0.0013697268092250604, -0.012845528019013725, 0.043104668369493636, 0.0023864294081459183, -0.012631017946474329, 0.014741537267178488, 0.024472887015969145, 0.19026993555786878, 0.16489339339923298, 0.15245693890425857], [0.07064072116452584, -0.1716393046970283, -0.15819405415710008, 1.0, -0.10090911928397557, 0.09223874620951114, -0.01680798637615135, -0.017024944232142125, 0.028539674106724765, 0.13832530898949427, 0.1341157516452857, 0.007500606030374241, -0.012943775156628534, -0.09303999158232115, -0.1531979633172169, -0.11714205281614887], [-0.00414003681618644, 0.06494413671030143, -0.009174638901949155, -0.10090911928397557, 1.0, -0.17356303141597634, 0.0397307038399177, -0.14319840716795115, -0.06390367501441144, -0.1960192634947607, -0.25378473083028363, -0.07561586301890884, -0.06270017540323973, 0.1606119154546959, 0.1358799992144899, 0.09781968965319617], [0.24366537664172075, -0.23667996261654373, -0.25040844445677607, 0.09223874620951114, -0.17356303141597634, 1.0, -0.044336626265435164, 0.09198747098855894, 0.12456092193402708, 0.1360469312165471, 0.14196202998571583, 0.06582728172101769, 0.06372583253906011, -0.354717613015636, -0.3558956345525757, -0.3604149404616501], [0.05394009587744253, -0.003914458428754474, -0.0013697268092250604, -0.01680798637615135, 0.0397307038399177, -0.044336626265435164, 1.0, 0.15070144377905104, 0.06456841063112212, -0.07759435740692679, -0.11339730836657569, 0.09405572832242182, -0.04435409460402527, 0.022168315615496658, -0.01828134715315435, 0.051363428881282126], [0.016434388838665485, 0.030890866567408262, -0.012845528019013725, -0.017024944232142125, -0.14319840716795115, 0.09198747098855894, 0.15070144377905104, 1.0, 0.28501871496820297, 0.2090008483532021, 0.14782181283995177, 0.07573335701086199, -0.058077922084817206, 0.012612930233135188, -0.013777138592563505, 0.011307240308313012], [0.12696387964294564, 0.06409443819310287, 0.043104668369493636, 0.028539674106724765, -0.06390367501441144, 0.12456092193402708, 0.06456841063112212, 0.28501871496820297, 1.0, 0.2669938480100166, 0.4203857454717892, -0.009577253881629907, 0.04430222043248787, -0.14910396678770754, -0.1622500341597322, -0.13279147350332865], [0.13112460471755036, 0.019834098565639172, 0.0023864294081459183, 0.13832530898949427, -0.1960192634947607, 0.1360469312165471, -0.07759435740692679, 0.2090008483532021, 0.2669938480100166, 1.0, 0.647544230018008, 0.07717958218132989, 0.11190802615038652, -0.09415879189027307, -0.06412018316253444, -0.054660040566736], [0.11727605242651432, -0.047123459694851086, -0.012631017946474329, 0.1341157516452857, -0.25378473083028363, 0.14196202998571583, -0.11339730836657569, 0.14782181283995177, 0.4203857454717892, 0.647544230018008, 1.0, 0.09247631696073401, 0.1362911014799509, -0.12617920803813482, -0.08492735257290994, -0.05193932374224612], [-0.062187368517450096, -0.04687782940166632, 0.014741537267178488, 0.007500606030374241, -0.07561586301890884, 0.06582728172101769, 0.09405572832242182, 0.07573335701086199, -0.009577253881629907, 0.07717958218132989, 0.09247631696073401, 1.0, -0.02993671093168929, -0.07317207325530399, -0.09771986553990934, -0.06133460487712117], [0.17523007904603108, 0.10028481768782278, 0.024472887015969145, -0.012943775156628534, -0.06270017540323973, 0.06372583253906011, -0.04435409460402527, -0.058077922084817206, 0.04430222043248787, 0.11190802615038652, 0.1362911014799509, -0.02993671093168929, 1.0, -0.03100290094902835, -0.03177670362670716, 0.03424731615006934], [-0.06408149744707449, 0.20534099673858766, 0.19026993555786878, -0.09303999158232115, 0.1606119154546959, -0.354717613015636, 0.022168315615496658, 0.012612930233135188, -0.14910396678770754, -0.09415879189027307, -0.12617920803813482, -0.07317207325530399, -0.03100290094902835, 1.0, 0.8521180663648036, 0.8014679320174155], [-0.14347404903546052, 0.21552716763090277, 0.16489339339923298, -0.1531979633172169, 0.1358799992144899, -0.3558956345525757, -0.01828134715315435, -0.013777138592563505, -0.1622500341597322, -0.06412018316253444, -0.08492735257290994, -0.09771986553990934, -0.03177670362670716, 0.8521180663648036, 1.0, 0.9048679892693007], [-0.16157943813834053, 0.21714749613860584, 0.15245693890425857, -0.11714205281614887, 0.09781968965319617, -0.3604149404616501, 0.051363428881282126, 0.011307240308313012, -0.13279147350332865, -0.054660040566736, -0.05193932374224612, -0.06133460487712117, 0.03424731615006934, 0.8014679320174155, 0.9048679892693007, 1.0]]}],\n",
